97
8
0
1
8
0
0
0
0 0
7
7
7
7
7
8a38
0
0
00
83883
3
0
0
7
7
7
7
7
7
7
7
0
0
5
4 0
0 @ @
0 0
0
7
7
7
7
7
7
7
7A
7
7
7
7
7
7
7
7
7
7
7
7
7
7
7
8
88
0
8
0 0
0 0 0 0 0
0
0 0
0 0 0 0 0 0 0
0
0 0
0 0 0
0
8
8
3
0
0
8
0
7
0
0
8
0m
0
0
0
0
0
0
0
0
0
0
0
0
0
0
0
1
00
0
0
0
0 0
0
0 0
0 0 0 0
0 0
0 0
0 0
0 0
0 0
0 0 0
0
8
8
8
0
0
0
0
0 0
8
0
1
0
1
0
0
0
0
0 0
0
0
0 0
0
0
0
0 @
0
0
0
0
0
0
0
0
0
0 0
0 0 @
0
7
0
0 0
8
3
8
0
8
00
0 0 0 0 0 0 00 0 0 0 0
0 0 0 0
0 0
0 0
0 0
0 0 0 0
0
8
8
88
8
88
8888888
0
0
8
1
0
0
0
0
0
0
0
0
0
2
